115787338
117444458
104109525
101365050
91664265
91660995
109484042
91664391
91664264
91664353
85091077
104351568
100424496
109067466
91664274
116835552
106306922
91662693
91248068
91664258
123587486
91664419
91664373
91664370
91664359
123587476
117392785
117786513
93755720
109491069
91664279
91664356
123587383
91661001
115263754
118510370
91664406
91247876
112998633
98961959
91660990
91664348
123587332
82661761
91663490
118499038
113964673
91247828
115264368
94690012
108276742
125818914
91664266
112998634
125788928
91660986
108945769
126102762
104900675
91247762
112998643
91664349
108276807
85366521
117788319
114202669
91664276
117824753
102118857
98961936
118333575
117210860
115264368
94690012
108276742
125818914
91664266
112998634
125788928
91660986
108945769
126102762
104900675
91247762
112998643
91664349
108276807
85366521
117788319
114202669
91664276
117824753
102118857
98961936
118333575
117210860
91664372
112288591
117786549
101638969
116932742
116572498
98961947
117819684
117786675
108262854
107691361
120803117
54405475
103474536
106868888
106306906
108276780
91664363
91664368
117219760
91661967
112998592
94589734
92919095
58128846
120782120
108276756
121010122
116390728
117029453
103595828
102743355
121361241
116391224
103474502
124757954
125789389
112227934
91664270
112998573
116330367
109479828
126504991
121248068
93756445
117071852
123924356
123545281
58128846
120782120
108276756
121010122
116390728
117029453
103595828
102743355
121361241
116391224
103474502
124757954
125789389
112227934
91664270
112998573
116330367
109479828
126504991
121248068
93756445
117071852
123924356
123545281
125800127
103663765
116048256
92920040
117788383
114794845
99445143
122221526
95990750
117090891
92919241
118330259
98636665
116969478
104900668
121248138
117400677
102118855
93756065
130047978
92919337
118331615
117058228
103591360
91664261
127496010
105604466
108276752
98874382
116344920
113998363
125932061
92919269
99182442
91664375
92919259
126699419
103474546
120789636
112082487
115263066
104900670
82768911
84768249
95990736
107485941
115964866
113490014
91664261
127496010
105604466
108276752
98874382
116344920
113998363
125932061
92919269
99182442
91664375
92919259
126699419
103474546
120789636
112082487
115263066
104900670
82768911
84768249
95990736
107485941
115964866
113490014
127972102
108262797
103474514
114202673
82752206
99445103
113485048
103952923
103474512
107183077
96512428
117929698
92919303
109856805
82776144
82754869
108279447
121102474
116192227
116385116
123547508
121481372
95990771
121357545
103953055
118083215
104510478
112783045
82513769
91664396
121635242
124650246
117971945
101845833
96026917
117473293
104109523
118334443
122854611
99445194
127127060
91661866
116118557
102038643
91664385
82651513
102567445
93756063
103953055
118083215
104510478
112783045
82513769
91664396
121635242
124650246
117971945
101845833
96026917
117473293
104109523
118334443
122854611
99445194
127127060
91661866
116118557
102038643
91664385
82651513
102567445
93756063
120833350
96777471
118331794
103995102
99182447
95136118
128522949
99445078
117389838
117397486
91664272
109702273
110285892
96029788
116726550
104900719
117444707
96777465
103952925
126699413
92919312
108262867
100916724
99182326
91065879
91066345
103955037
82798340
125405880
118329191
103953053
127365281
127262122
74932670
125889378
109856791
82766785
118945487
108276753
126699497
114773347
103771441
104900705
117204195
103952927
121220655
91664399
113535479
91065879
91066345
103955037
82798340
125405880
118329191
103953053
127365281
127262122
74932670
125889378
109856791
82766785
118945487
108276753
126699497
114773347
103771441
104900705
117204195
103952927
121220655
91664399
113535479
123670543
123568438
104351539
99682037
121480594
101917838
102118920
126492709
82751705
120999317
96777479
124628520
114202633
91664299
103959034
53789426
104900666
102497380
117832673
109515125
128687029
115761137
104900707
99445111
117204210
116387927
118739405
108279445
98219346
109516516
91247768
117209227
60897621
103397796
92919144
99445178
127365541
115686537
126699401
106058813
89678125
68832399
102118837
127153873
90414242
127597588
124553783
120553779
117204210
116387927
118739405
108279445
98219346
109516516
91247768
117209227
60897621
103397796
92919144
99445178
127365541
115686537
126699401
106058813
89678125
68832399
102118837
127153873
90414242
127597588
124553783
120553779
125405018
116601963
95075455
99182461
96101069
103474468
129438637
99445173
104008001
106058930
116864450
96777461
122414418
82765194
98218924
116882143
112782751
54638618
108279449
53805996
125084149
91242312
98218953
118510736
120553798
116384563
124045023
96101073
90414271
72689289
98218931
61305176
96777483
129950147
124691065
125441641
104898867
118555477
132013004
91247704
123666396
128253014
128781815
106320947
91065882
113550645
121258773
120553798
116384563
124045023
96101073
90414271
72689289
98218931
61305176
96777483
129950147
124691065
125441641
104898867
118555477
132013004
91247704
123666396
128253014
128781815
106320947
91065882
113550645
121258773
126699417
124045009
116388001
96777462
129210972
126998371
117062676
113957413
124628325
128253627
92807868
98219381
122092161
125084185
115265084
90414246
124169978
99682029
126699479
116387737
128687125
121490809
122225462
122225474
121473152
124944136
98219341
125405081
96777490
99445165
115525666
132013147
121109891
108276746
127376847
125487388
118325458
126492395
117708025
125401488
108276846
96777514
124478231
115266863
127805984
118499175
116397483
96777488
121473152
124944136
98219341
125405081
96777490
99445165
115525666
132013147
121109891
108276746
127376847
125487388
118325458
126492395
117708025
125401488
108276846
96777514
124478231
115266863
127805984
118499175
116397483
96777488
118374075
117420509
82908053
117313315
125405091
127365696
124526005
91664421
121493258
91664436
61429089
101934138
96512389
97321707
109302736
101934140
96512015
101934126
119931938
95990734
96512017
95990742
120794813
101934101
66699153
96511991
106320915
96512404
96512013
95990748
96512030
110998054
114773261
96511938
114351685
99182595
96511928
101934131
106320938
114830466
110998046
116667598
123131879
96512001
106320951
97846389
96512021
101934101
66699153
96511991
106320915
96512404
96512013
95990748
96512030
110998054
114773261
96511938
114351685
99182595
96511928
101934131
106320938
114830466
110998046
116667598
123131879
96512001
106320951
97846389
96512021
109511042
99445232
101934117
109856793
99182335
115196463
124019636
116614469
118797305
96512035
93862447
116200920
91247847
110998037
120219519
116727787
99445222
123498895
121231617
115263686
123498891
119961438
95990746
101934133
125339826
96512159
109702228
106320927
109511074
114893105
120553794
96512392
110998043
96511932
96512003
121633440
96511926
110998048
118119991
122294260
96512037
108999076
96777523
114893176
96512071
66682974
122789833
121309821
125339826
96512159
109702228
106320927
109511074
114893105
120553794
96512392
110998043
96511932
96512003
121633440
96511926
110998048
118119991
122294260
96512037
108999076
96777523
114893176
96512071
66682974
122789833
121309821
115968764
94438187
118120249
96511930
121244032
96511946
117952820
112289444
106320945
123615932
95990738
126699384
123615869
110998033
108276774
96512083
95970654
121662138
110998058
116385525
117281963
99445242
96512264
109024224
119089341
96512318
123134856
95990766
110998051
116126128
119700495
108999175
116606624
121678003
95990744
114342501
114351205
102118904
116384963
110998040
95990769
96777509
119932968
106320913
108999334
106320916
124014822
116397537
119089341
96512318
123134856
95990766
110998051
116126128
119700495
108999175
116606624
121678003
95990744
114342501
114351205
102118904
116384963
110998040
95990769
96777509
119932968
106320913
108999334
106320916
124014822
116397537
109511044
118796270
109913621
113039797
95990739
114946567
125439791
96512400
118243805
106320957
96512398
119217185
116388018
119478033
96511936
96512069
116351041
119089339
121229498
117293225
109020818
119477981
121441648
116385166
95990776
103474466
123881778
106320963
116397544
124197210
110998031
119067553
122866559
119063779
121485257
120492361
119477985
116396542
103953106
96777498
121490614
96511997
96777527
71513380
116402761
96512340
118784453
104272725
95990776
103474466
123881778
106320963
116397544
124197210
110998031
119067553
122866559
119063779
121485257
120492361
119477985
116396542
103953106
96777498
121490614
96511997
96777527
71513380
116402761
96512340
118784453
104272725
120220300
109023318
96777513
118555435
121485265
106320923
108276841
53785938
108276875
121493370
119063857
82884306
119214050
96512016
122401265
121493346
122866557
117867670
95990765
106320935
118736051
106320955
121480554
120492267
106320917
96777473
123734019
124045012
106320943
121622081
128100987
116408942
124020102
68354576
96777477
125439884
96511934
96777481
127267430
116976442
121493352
114340007
106320918
103953108
124169962
118555455
120553775
126699411
106320917
96777473
123734019
124045012
106320943
121622081
128100987
116408942
124020102
68354576
96777477
125439884
96511934
96777481
127267430
116976442
121493352
114340007
106320918
103953108
124169962
118555455
120553775
126699411
109511064
121493339
121441670
125441433
109015721
130314163
118120271
98218920
98219343
121244099
118985416
113842679
120527170
96511999
121441567
121493173
121441868
115196357
96777501
121441848
57301949
126699483
128555579
106320959
114612954
117315580
70608232
124040221
121485149
111411838
109011792
121493312
125441801
115196495
98218927
108262856
108999814
121485329
120484786
96511995
123616084
128687127
122225448
125440525
118881198
116387823
122789834
121493151
114612954
117315580
70608232
124040221
121485149
111411838
109011792
121493312
125441801
115196495
98218927
108262856
108999814
121485329
120484786
96511995
123616084
128687127
122225448
125440525
118881198
116387823
122789834
121493151
122788886
119942823
121485095
117708008
116768080
59503340
118330171
121493179
125439828
123499267
124553786
116387937
119242133
125732420
124628431
89889022
121493381
104496272
117370091
124019737
123615933
117062711
125084129
118555466
125339890
120553806
129648697
122788869
108276832
127803196
108276828
129241460
98219345
108279453
121442638
116387917
121490657
126699380
121485315
118729586
116384932
61057728
123567829
106320961
116896395
108838593
106320934
117283756
125339890
120553806
129648697
122788869
108276832
127803196
108276828
129241460
98219345
108279453
121442638
116387917
121490657
126699380
121485315
118729586
116384932
61057728
123567829
106320961
116896395
108838593
106320934
117283756
118247409
58941281
119942991
96511944
118784541
119933968
124169951
95127532
98218918
115196469
116896399
128734518
123971230
99445183
108262875
73224446
116896391
125748752
99445158
128626403
125948950
124045027
116976230
120800157
128134195
125876696
99445123
120484884
119204242
85364742
53805951
126962041
121493212
123555373
124939826
115196355
117366851
95270264
125876700
116875430
98218929
117420501
122294462
126699495
126765255
53789434
124019502
124019849
128134195
125876696
99445123
120484884
119204242
85364742
53805951
126962041
121493212
123555373
124939826
115196355
117366851
95270264
125876700
116875430
98218929
117420501
122294462
126699495
126765255
53789434
124019502
124019849
117310973
126699503
128800271
116768114
115826043
126833310
116896393
131000668
116396582
59281163
115245852
127940082
58074391
116387947
96511942
123615926
118745713
123893826
126699424
106320925
96101034
59488873
124486161
124045025
120800155
114340242
125410847
130315517
128734695
121493189
92169732
123615860
125487613
128242084
110739443
124019695
106320953
96512320
126765226
120553804
121490669
116896397
124040229
57148100
67892680
104886436
129859541
128820363
120800155
114340242
125410847
130315517
128734695
121493189
92169732
123615860
125487613
128242084
110739443
124019695
106320953
96512320
126765226
120553804
121490669
116896397
124040229
57148100
67892680
104886436
129859541
128820363
125441609
129200854
129569031
91664402
125803738
108276782
128253581
108999695
126814155
82884103
121490600
125732713
126833320
129278017
121441823
58074377
122436576
125063883
124019741
121493356
120484927
115196333
115196424
124019872
116397387
125439915
123498869
125441616
58074389
129438482
126809018
128480130
73249576
129376684
115196272
128821131
116255422
103953548
128687106
72689380
120800164
108999421
109511060
81319303
122436368
120800181
122436397
125401252
116397387
125439915
123498869
125441616
58074389
129438482
126809018
128480130
73249576
129376684
115196272
128821131
116255422
103953548
128687106
72689380
120800164
108999421
109511060
81319303
122436368
120800181
122436397
125401252
124405304
124628313
125441364
123234178
71979454
62414700
120800160
128594860
128253625
115196286
106320965
126814145
125441685
126809012
91664412
127268672
128935337
91135561
125742425
126814147
72688212
111411830
127805138
91664340
104860848
125441230
122788881
84933061
82770262
128777250
71952035
120492010
73811231
123615936
125792000
117366818
126249146
115196451
123226583
128477898
124045014
129859572
127958688
120800183
124553793
59485871
131959648
58074422
104860848
125441230
122788881
84933061
82770262
128777250
71952035
120492010
73811231
123615936
125792000
117366818
126249146
115196451
123226583
128477898
124045014
129859572
127958688
120800183
124553793
59485871
131959648
58074422
129943862
123615914
124044987
108276879
116768137
128254251
123893892
127597069
93638433
125874361
115196507
109511052
127680726
120511781
125441786
99445108
101459359
126809010
109856810
110846180
127370593
127617822
122436643
54639113
121473113
129271500
61322864
98218916
123948588
59491573
91664387
128555318
103688883
115196453
71958821
124892133
58074448
124019786
108831077
131591163
72008290
123241619
124405298
129859620
58863952
124019836
126075499
128479669
121473113
129271500
61322864
98218916
123948588
59491573
91664387
128555318
103688883
115196453
71958821
124892133
58074448
124019786
108831077
131591163
72008290
123241619
124405298
129859620
58863952
124019836
126075499
128479669
94044523
109021186
111411848
107182724
110844543
127593535
125084153
58548917
125874360
128510193
128484285
128664066
131178309
119932992
108999635
129438884
59488681
76824247
59165506
125874365
123866017
130175101
91664427
71960385
96511940
122437698
123615905
122436639
126962639
71952985
130470429
60998851
125874367
115196483
127887201
131022000
120553778
122436645
131002018
131573231
130315942
115196440
130171780
128485824
126249225
87054367
126809004
130295531
96511940
122437698
123615905
122436639
126962639
71952985
130470429
60998851
125874367
115196483
127887201
131022000
120553778
122436645
131002018
131573231
130315942
115196440
130171780
128485824
126249225
87054367
126809004
130295531
125622978
59491569
109511062
118555461
128106986
128897819
115196266
131178307
129766582
124019525
116255414
72592829
131178287
125439935
91247753
131007487
127881912
125827837
127593497
129575492
125084137
92440726
93705062
131178291
127338497
126833285
125339836
120492017
126246924
120364613
61823943
128635926
120800165
125441792
124020185
129232451
130315515
130454330
127593057
125803732
127596700
127496074
91664361
91247863
130279777
119078204
125084147
129438509
127338497
126833285
125339836
120492017
126246924
120364613
61823943
128635926
120800165
125441792
124020185
129232451
130315515
130454330
127593057
125803732
127596700
127496074
91664361
91247863
130279777
119078204
125084147
129438509
126122067
128113908
132006963
128495211
128645337
125876705
115196317
127290222
120800170
130429074
129232443
130328585
122788871
123441711
126809685
91135909
129232437
123615951
130287390
126689781
130175145
130330288
119217573
115196404
125874369
115196428
127212461
125862663
131178289
127593454
120800175
130175206
125401212
108276788
120800173
131178303
121677802
122436589
127205278
130175233
125339828
129232439
127216036
127212343
127681032
125874371
120800163
125441023
125874369
115196428
127212461
125862663
131178289
127593454
120800175
130175206
125401212
108276788
120800173
131178303
121677802
122436589
127205278
130175233
125339828
129232439
127216036
127212343
127681032
125874371
120800163
125441023
127365333
128934703
129232453
128740275
123893815
127593503
119932488
124276892
127593583
127496056
126814150
129272152
121442586
128494184
128116161
120800178
130280807
130179034
129232429
120800169
127496149
130194857
127212457
127597606
127596536
115196336
132033605
117838023
129232433
127593463
124019886
108999747
123615918
129452501
125792003
120800177
59488869
126250063
125803742
129232455
98070945
132703036
127593541
130174214
82766677
129277904
131010551
126247272
127596536
115196336
132033605
117838023
129232433
127593463
124019886
108999747
123615918
129452501
125792003
120800177
59488869
126250063
125803742
129232455
98070945
132703036
127593541
130174214
82766677
129277904
131010551
126247272
129232445
129271333
109015613
126115971
132005955
126962645
130028552
126518244
115196349
58074463
126962649
127593507
125792607
127216034
124020063
59491571
128112108
123441780
127596752
91247742
125874354
127592956
82765619
127593073
125874356
125137324
130865243
128645765
128490718
123893922
53805970
125791991
59485884
72025432
127216032
133816575
125462224
115196384
127596574
126246281
127596650
73215532
126249223
126962612
132701961
131178270
127215015
132703034
125874356
125137324
130865243
128645765
128490718
123893922
53805970
125791991
59485884
72025432
127216032
133816575
125462224
115196384
127596574
126246281
127596650
73215532
126249223
126962612
132701961
131178270
127215015
132703034
127212575
130756609
127592656
126248681
132882934
132703038
104326207
127592768
132012094
126678432
127596541
130121219
128492228
127596592
127593570
127593061
131178301
127215890
91247505
132701963
63598757
126962655
130287412
133810479
125803794
130060493
126962677
129751706
115196457
127593439
132703027
131178285
132786583
127593085
127596596
127593025
128482840
127593077
95131855
132703030
129232449
127597650
131178293
127215074
132701965
130281011
125791985
127597802
125803794
130060493
126962677
129751706
115196457
127593439
132703027
131178285
132786583
127593085
127596596
127593025
128482840
127593077
95131855
132703030
129232449
127597650
131178293
127215074
132701965
130281011
125791985
127597802
127597707
127596740
108276750
127205272
91445631
127593109
127596724
126133614
115196481
131178295
133436636
120800188
127592754
133064732
127212438
131178297
58074428
121205201
125803740
93764075
127212589
127593515
126962665
91445523
127596836
127216000
127592930
125791995
133246004
129941166
127593539
127205285
126962633
127593038
127593501
57781610
127596760
131178280
128777445
131004552
127596728
127593083
128974727
127215600
124405017
127215952
127950322
129232447
127596836
127216000
127592930
125791995
133246004
129941166
127593539
127205285
126962633
127593038
127593501
57781610
127596760
131178280
128777445
131004552
127596728
127593083
128974727
127215600
124405017
127215952
127950322
129232447
127596578
126049613
128106273
128778525
126833625
127593565
127592954
127207179
127593423
127597737
91247775
119078203
127205337
128781660
126132418
127596588
127593487
127205306
127205280
125803734
127593485
132703029
130175213
128354244
127597869
131178271
127215992
127596702
132703040
128778320
132893989
132701967
88967402
125596414
125803735
131178283
127593571
133812870
132863922
126962669
127596786
127593553
130287394
132152510
127593561
129584711
127596782
91248017
127597869
131178271
127215992
127596702
132703040
128778320
132893989
132701967
88967402
125596414
125803735
131178283
127593571
133812870
132863922
126962669
127596786
127593553
130287394
132152510
127593561
129584711
127596782
91248017
130330932
127683011
132883783
127596636
127205366
130860484
127215185
127597627
127216028
127596768
127597718
127596604
128777909
124021101
127593473
127596806
127593081
127597767
127212340
127592997
128488550
133847271
129520896
127593511
128357489
125791987
128353927
120800159
127215248
127593491
127593591
127215206
132703042
127205174
132703044
127215256
127205358
129232435
129232431
127205334
127596762
127593525
126682274
126962643
127215100
127592908
127593055
91247752
