107153612
107153579
107153616
107153583
106474954
107153603
102893799
102893783
102893776
105044498
107153601
106474959
110970240
102157082
107153580
106474968
102893785
107153587
110346213
85034838
107153572
102893773
97551138
107153620
106502239
91464278
112056458
107153577
114616599
110346638
102893774
61259088
102893769
92095519
109135842
102893771
113919036
106475021
114206460
107153610
92095517
116614226
113918899
106475016
106475035
102893792
113634195
85034890
114873746
114861644
115899571
116747494
85049497
85049504
59152206
58178802
92095539
106474971
110285255
91467030
114194707
106502087
90723098
107153593
111680440
116394424
107403663
59205945
113792581
105357376
107153569
114196429
114873746
114861644
115899571
116747494
85049497
85049504
59152206
58178802
92095539
106474971
110285255
91467030
114194707
106502087
90723098
107153593
111680440
116394424
107403663
59205945
113792581
105357376
107153569
114196429
58176996
113918881
107403679
110970247
107153596
100183474
85049519
107153591
107354126
92095551
114186016
116614476
103479227
115445028
65115066
102893780
117435354
118420724
85952007
107153618
59152692
107181706
97551133
116876936
59151813
116246217
58314233
107605670
92095524
117894432
59151975
106474961
116121950
92095507
85049538
59466907
107153589
122260372
58266901
116193848
85049509
116758828
110970248
116877302
101085461
116193642
113919072
125418324
59151813
116246217
58314233
107605670
92095524
117894432
59151975
106474961
116121950
92095507
85049538
59466907
107153589
122260372
58266901
116193848
85049509
116758828
110970248
116877302
101085461
116193642
113919072
125418324
102118952
117674038
85034843
103477758
92095529
116877141
97551131
125418315
106474987
92095545
114187018
111680430
116614345
117367603
116616658
117035911
117376028
102893779
92095498
116875479
111680454
101447027
116616785
103474520
114830675
117369887
103474522
106475028
87705331
58198159
84950868
111680438
117489508
114196820
110650897
116394439
125418290
116573560
90523684
113903003
110971898
110970256
81972416
94159138
117410186
117369923
59151714
111680473
114830675
117369887
103474522
106475028
87705331
58198159
84950868
111680438
117489508
114196820
110650897
116394439
125418290
116573560
90523684
113903003
110971898
110970256
81972416
94159138
117410186
117369923
59151714
111680473
116355862
107605706
85049540
92095523
102743408
117371866
92095527
103474524
103431005
74445309
92095503
112977632
125418277
119016888
92095549
92095555
107153608
110309625
90588652
85034867
116756644
114195403
103474480
125418314
90588714
117033365
92095554
114197783
106336451
114196479
85034882
125418292
103474496
120998543
59151531
102156988
115535169
125418311
125418310
94157856
114196865
117042358
102262824
111680466
125819083
116193610
117640639
59151977
90588714
117033365
92095554
114197783
106336451
114196479
85034882
125418292
103474496
120998543
59151531
102156988
115535169
125418311
125418310
94157856
114196865
117042358
102262824
111680466
125819083
116193610
117640639
59151977
116806277
102743373
125418281
90726136
92095547
102567455
116209688
107605672
59153499
114197782
125418274
123149852
111540820
125418334
114196792
116155117
97551145
113097932
102118960
114856741
115686194
114194200
111680475
103555042
106474996
117046168
107605702
125418319
101423001
117505163
102118859
122646063
114922472
116774755
111680456
120518071
103474510
102118908
114193929
110308985
111680510
90588724
121337435
117036539
102118901
102118785
120999295
102158033
106474996
117046168
107605702
125418319
101423001
117505163
102118859
122646063
114922472
116774755
111680456
120518071
103474510
102118908
114193929
110308985
111680510
90588724
121337435
117036539
102118901
102118785
120999295
102158033
107403671
85049575
107605666
90588684
92095564
117028534
107100380
106336116
94157746
92095515
120794856
107153571
114194492
90588694
107605681
125418331
111680424
101413018
101835877
116553111
117071250
112255815
85049514
112337834
118422118
116881310
116393830
85034857
117071553
85049526
102118899
117185018
87641907
90726334
112255352
106474995
120998589
117028504
117075273
117028500
110913415
102629463
59464753
103369107
102038647
114922130
85034877
117071708
118422118
116881310
116393830
85034857
117071553
85049526
102118899
117185018
87641907
90726334
112255352
106474995
120998589
117028504
117075273
117028500
110913415
102629463
59464753
103369107
102038647
114922130
85034877
117071708
125418318
90588689
123149859
120523841
113094833
125800114
121337189
117028542
102118934
96709792
111680504
116100317
91778201
114873768
113905916
96526547
111680450
116758504
117075295
117075261
117075422
116246223
117070992
118985288
96438020
102577193
102038641
85872112
121109858
53791317
120569516
97551136
116553103
116553121
115527854
117807431
102568003
117444588
116553127
90588642
116878144
59150490
90588627
102118777
116100345
116143908
117371962
96438025
96438020
102577193
102038641
85872112
121109858
53791317
120569516
97551136
116553103
116553121
115527854
117807431
102568003
117444588
116553127
90588642
116878144
59150490
90588627
102118777
116100345
116143908
117371962
96438025
85827183
99089252
79408109
79408803
125418286
114187652
53750905
117075230
90414073
116193832
114873813
103474526
67627837
117075281
79376960
117028514
102568262
114873770
117214063
55673527
85034848
117028496
125930737
79408899
79377551
90588719
79408350
121109863
124015616
109351990
117214057
96526482
117075285
117774545
117434684
104921389
121401388
116553165
79377523
79408352
85888543
122904814
117495130
90588699
117028518
116758349
117075275
102118852
79377551
90588719
79408350
121109863
124015616
109351990
117214057
96526482
117075285
117774545
117434684
104921389
121401388
116553165
79377523
79408352
85888543
122904814
117495130
90588699
117028518
116758349
117075275
102118852
124011780
115714389
119225196
96461603
102574292
120511821
117075237
126998603
107605692
122621379
85925857
96437990
63513037
73642101
97550308
84950831
125418276
61341873
85049550
58858391
119639219
117028550
117075268
101835871
117556196
96439240
113918794
100252165
110970864
112977423
121341594
79408181
102118893
126874981
90588632
114873783
79378080
124756454
114873802
117434335
104914906
83208282
96526762
79377511
95971144
111680470
96196469
111680446
117556196
96439240
113918794
100252165
110970864
112977423
121341594
79408181
102118893
126874981
90588632
114873783
79378080
124756454
114873802
117434335
104914906
83208282
96526762
79377511
95971144
111680470
96196469
111680446
96438103
103474518
125866732
114197789
113095653
95971114
120999049
104911600
133157197
118083088
122606942
116756720
116491273
117423384
107605690
126873305
111548549
107452240
102374654
125932174
110348908
102119037
112857006
118895365
121260372
53826973
113669532
113109781
79409210
117028552
104922388
85049531
117431905
96439288
118007579
114197779
117028548
117736553
117044325
102086180
53855955
121260602
120569522
102038656
117075424
102893789
121227022
116100341
121260372
53826973
113669532
113109781
79409210
117028552
104922388
85049531
117431905
96439288
118007579
114197779
117028548
117736553
117044325
102086180
53855955
121260602
120569522
102038656
117075424
102893789
121227022
116100341
113917033
107605708
116100319
90721426
118487707
120523884
101781568
103474478
116100325
95971214
117595326
102118831
85034836
117807367
120569509
114873798
104919520
113105845
117075245
113109741
113918295
115737448
109437119
111680494
102569852
110120097
127600200
117075253
79408111
79375237
119229216
113916584
120855752
114873775
120523771
74196679
123149864
95971221
124628512
124015460
117028497
114578932
117893224
111680483
53730099
116553133
113098514
96438502
102569852
110120097
127600200
117075253
79408111
79375237
119229216
113916584
120855752
114873775
120523771
74196679
123149864
95971221
124628512
124015460
117028497
114578932
117893224
111680483
53730099
116553133
113098514
96438502
96438817
118693698
79378084
113109779
122646350
109575088
96438549
123149858
116553163
105186515
74421614
114873930
117893016
53789592
123149872
58215879
117738880
107605684
127488005
118103824
126243484
66888413
100252712
79406822
68793526
76187972
110976689
125049115
102119026
120570098
117214042
113070809
123149877
85049559
113098303
95971134
103044727
121649617
117033373
79375235
123782206
118485116
58215892
117420448
95971486
117214039
83258202
105368036
68793526
76187972
110976689
125049115
102119026
120570098
117214042
113070809
123149877
85049559
113098303
95971134
103044727
121649617
117033373
79375235
123782206
118485116
58215892
117420448
95971486
117214039
83258202
105368036
117802418
107605678
63502464
102118931
121643194
121228813
116491034
54017124
120762453
53783372
79408230
120761089
120656112
114873793
111731618
79408801
103044735
125913465
113918853
112257516
107605674
123353151
103044761
103044765
116141743
110349652
125803563
112977482
107605686
117214085
119698849
111680458
120523598
113069537
118895443
116882197
117808042
59150397
120569506
103474470
126899629
117028544
53831610
106475026
106475040
90588644
103044721
117214081
116141743
110349652
125803563
112977482
107605686
117214085
119698849
111680458
120523598
113069537
118895443
116882197
117808042
59150397
120569506
103474470
126899629
117028544
53831610
106475026
106475040
90588644
103044721
117214081
103823854
110346885
121473201
123583224
125042287
117028516
118264774
127923498
123718817
123236699
107605704
126870274
117028540
123235598
123787031
115737397
121635202
118777717
116638272
100237554
124638973
113368799
118897358
74417991
105186512
117420459
124327274
111680442
125384850
53832546
95971419
123881782
114681054
121401169
105799010
120569513
123150282
104750211
117028538
103044703
117899710
85927484
96466726
85034895
125753783
117489515
120900757
123881774
105186512
117420459
124327274
111680442
125384850
53832546
95971419
123881782
114681054
121401169
105799010
120569513
123150282
104750211
117028538
103044703
117899710
85927484
96466726
85034895
125753783
117489515
120900757
123881774
117075226
117132516
74969689
122264569
117075227
125641011
126306282
118529578
127600190
125405237
96438503
125753613
118488432
79408232
117075259
121654891
124638858
114873776
100249198
107854426
111680436
117420463
119334698
85049536
107153599
102118781
117904424
66791319
116100315
111680432
125858759
96438592
95972136
117075283
114578940
126234063
117028562
103044731
111579399
120568130
53939903
85034851
123353145
125495267
79375231
96513689
125969592
107605673
107153599
102118781
117904424
66791319
116100315
111680432
125858759
96438592
95972136
117075283
114578940
126234063
117028562
103044731
111579399
120568130
53939903
85034851
123353145
125495267
79375231
96513689
125969592
107605673
125393538
53772163
124030722
120310042
125502001
126871511
115529371
92380614
127203950
114873787
53940300
105751406
123150259
121219754
126725667
117786445
117028522
127488019
126872255
105176564
96437984
116143911
123881772
120404273
126126732
120571285
58941293
118331626
123149862
123150272
126873875
121220189
121493175
103044621
58215883
126881260
122413770
121397874
113109802
83216690
121493169
79378086
102038660
122180201
122909110
111680452
116143914
58215901
126126732
120571285
58941293
118331626
123149862
123150272
126873875
121220189
121493175
103044621
58215883
126881260
122413770
121397874
113109802
83216690
121493169
79378086
102038660
122180201
122909110
111680452
116143914
58215901
117075236
118516305
105186509
114621732
110120259
103044719
83147836
117805079
118264895
62753857
125452819
123353226
120523618
123488898
111535131
124015467
125755051
53968567
127290033
79409208
119068035
83204490
125933865
127488015
117028530
125388401
117175520
123150258
124915934
116774795
124328549
105186483
59306010
79408901
117075255
118760098
124639057
103046146
120403584
119064761
53855578
126914535
123150279
123150270
123150267
116155374
123353167
115781160
117028530
125388401
117175520
123150258
124915934
116774795
124328549
105186483
59306010
79408901
117075255
118760098
124639057
103046146
120403584
119064761
53855578
126914535
123150279
123150270
123150267
116155374
123353167
115781160
126905857
125849756
120563871
125968021
121654831
114873815
117099675
113917575
117807429
120431072
118898392
103474504
121709431
113103164
123233888
126915434
117028512
111680427
122384099
53954985
127202540
121493324
124328780
125009514
125146393
123150260
117214047
127445430
117420432
92380612
114621730
120523962
118556419
58858393
121649362
117075249
117624375
97644957
125418283
58215900
124628413
90588704
123881800
121493288
59305601
98978137
99041614
118528581
125146393
123150260
117214047
127445430
117420432
92380612
114621730
120523962
118556419
58858393
121649362
117075249
117624375
97644957
125418283
58215900
124628413
90588704
123881800
121493288
59305601
98978137
99041614
118528581
96512010
111885365
120280101
120766513
99041608
96512092
96083385
107153595
99041622
117107034
96084257
113428725
125418321
67053235
99041617
116255420
109856315
96512005
114684029
109856322
120252184
114621724
99041598
117107058
109856382
119216546
97860824
127488021
118991537
120569528
128288256
109594168
109856307
91247528
97860491
124258655
117028508
124187496
116584263
116255433
99041628
114684027
120364552
113917191
111540811
109856353
120267506
117107058
109856382
119216546
97860824
127488021
118991537
120569528
128288256
109594168
109856307
91247528
97860491
124258655
117028508
124187496
116584263
116255433
99041628
114684027
120364552
113917191
111540811
109856353
120267506
117434720
85049570
114684033
119410146
114873781
111540816
109856359
119407783
99041626
95971109
97868876
110696652
99041624
114621726
119216435
92379109
124187287
90588734
116553082
110891904
116255415
123234720
117028506
114621720
114681056
110283964
96512387
121493342
117032684
121228785
127486055
120274619
122003617
113797082
118877927
113794639
124709066
117028536
120491326
113100269
109856300
127486047
116145095
114873817
116553113
124015723
97870066
114578936
114681056
110283964
96512387
121493342
117032684
121228785
127486055
120274619
122003617
113797082
118877927
113794639
124709066
117028536
120491326
113100269
109856300
127486047
116145095
114873817
116553113
124015723
97870066
114578936
120484452
114681058
97860664
114873795
120274191
113916308
114621722
109856329
118947775
125400268
104781679
123234726
124019739
92379693
120452545
113918501
122909956
116774787
127488017
118858109
117785793
99041616
113918827
99041606
124019629
109856381
124282038
120374864
119216472
123362565
116622917
103474486
116588218
90588657
105176560
120480662
117566134
85034855
91247691
99041604
116583448
119308611
120274039
122384092
118944828
116255424
122865811
89501424
124019629
109856381
124282038
120374864
119216472
123362565
116622917
103474486
116588218
90588657
105176560
120480662
117566134
85034855
91247691
99041604
116583448
119308611
120274039
122384092
118944828
116255424
122865811
89501424
122425784
98087002
58189630
113098699
122384097
128313349
115725987
86338561
127486053
86338521
92370127
107794724
97860869
125342616
118090526
118555277
118555286
121493153
105176537
110310638
120258531
120374228
101782653
116659806
120371975
115529547
121260428
120569519
113066689
95971124
121989979
122939719
118555283
120267542
114621718
113098341
118518012
85049555
111680422
117808095
127486049
127488000
128313343
114873810
90588728
120274083
105176582
127486038
120371975
115529547
121260428
120569519
113066689
95971124
121989979
122939719
118555283
120267542
114621718
113098341
118518012
85049555
111680422
117808095
127486049
127488000
128313343
114873810
90588728
120274083
105176582
127486038
120263283
58442853
117753236
116630997
117132511
85049502
109554257
124183373
110120141
112256262
53968697
109602900
122586614
116614389
105186577
127486037
116631297
109856327
121480419
124708906
113104701
120423838
126234091
105176521
116597131
127486042
121641675
116643640
113067581
120480688
90414162
124329729
116883306
122240400
116653919
120491624
117075260
118555270
90650284
113104474
114873789
121480413
127486057
116629038
120274141
118555267
115529325
86338569
116597131
127486042
121641675
116643640
113067581
120480688
90414162
124329729
116883306
122240400
116653919
120491624
117075260
118555270
90650284
113104474
114873789
121480413
127486057
116629038
120274141
118555267
115529325
86338569
112256720
120274367
117293227
121473189
116653950
111578092
128313362
121480501
120673160
117612649
109856311
117708570
117742413
96438057
128288260
122264576
53967514
92380617
116597069
127488009
125919004
127486041
109856361
120274021
120262317
112257310
121317426
116631383
110867237
118899982
118555291
116644567
127488023
111680434
125285126
85034872
121480503
122899061
121656957
116883262
120480665
128313350
116631445
72679796
116633587
117075276
124722422
124019878
120262317
112257310
121317426
116631383
110867237
118899982
118555291
116644567
127488023
111680434
125285126
85034872
121480503
122899061
121656957
116883262
120480665
128313350
116631445
72679796
116633587
117075276
124722422
124019878
122399893
118555269
114578934
109333346
106502076
121493322
116553139
91616362
120294870
121228903
118959887
109856371
105176527
116145961
110872057
122264516
118957401
117132537
105186559
53936143
53935308
123234756
122789928
110872425
120274000
121496941
119112606
118854528
109611018
117566152
121493196
120480654
124718544
122264562
120480648
121473173
110875101
116577740
120346952
94645119
121493350
113105754
120274614
120480686
119521999
121493192
109614406
117612654
120274000
121496941
119112606
118854528
109611018
117566152
121493196
120480654
124718544
122264562
120480648
121473173
110875101
116577740
120346952
94645119
121493350
113105754
120274614
120480686
119521999
121493192
109614406
117612654
115196212
111680490
114621728
124543554
117075240
124329708
96439262
120569775
120480670
117293288
83204359
121397889
116659834
122857322
124863704
109611257
117612661
121397939
120480675
103817171
122939617
117075257
123781573
121480489
94646051
110884728
117620359
128288248
127488011
90588709
119369746
119438070
120364554
111680492
128313358
120492580
119902652
121493145
107605680
124563548
117132547
122384090
124182954
126070841
117785826
124599887
124187853
124019579
94646051
110884728
117620359
128288248
127488011
90588709
119369746
119438070
120364554
111680492
128313358
120492580
119902652
121493145
107605680
124563548
117132547
122384090
124182954
126070841
117785826
124599887
124187853
124019579
114020991
120671778
106582280
127488013
120863804
53746959
117293224
118555290
116645397
110696567
119721134
122264538
121641680
117132521
120569777
109596182
124543689
124026565
119055941
127488007
126131103
119897979
117293276
123353153
126243731
118531724
126234067
126234046
126122006
53855106
124905208
118090263
119718896
124015732
120480650
122393584
120262712
122782500
109856347
120257988
53940100
53732322
113100609
117132551
120569531
122494569
119061671
111585240
126243731
118531724
126234067
126234046
126122006
53855106
124905208
118090263
119718896
124015732
120480650
122393584
120262712
122782500
109856347
120257988
53940100
53732322
113100609
117132551
120569531
122494569
119061671
111585240
124021966
127205071
119054666
120491633
116588047
121480409
128288252
121397862
117293234
120480646
103044701
125084171
116597196
119063681
122264532
123236836
120480682
125063542
121493328
74749412
121073406
124019500
121185534
108564634
119723012
119068252
103474528
116650150
103044713
122240431
53755004
103044741
128288258
116597352
117104217
116656403
118281811
120484391
120274600
125063526
123234986
120763505
110874820
117175495
126123791
124182995
118219522
123881860
119723012
119068252
103474528
116650150
103044713
122240431
53755004
103044741
128288258
116597352
117104217
116656403
118281811
120484391
120274600
125063526
123234986
120763505
110874820
117175495
126123791
124182995
118219522
123881860
118946885
61864385
120480684
117175512
125342592
122648207
118330385
123236559
120569773
63979424
118555294
109856354
115196387
118890540
120274377
109856290
126875601
119369748
62328899
124019691
116651216
114684031
117107115
120373213
53856503
125060279
117815382
62754928
95971115
124861694
96513710
119899920
123234736
123881783
122392133
96439245
101079738
124328683
123881824
105368065
121974898
126234059
125084155
127486045
116665755
58192071
117420514
124573393
