113919036
106475021
113500347
107982510
92095517
114206460
123587291
85091077
109067466
104351568
109926236
107153610
91664274
106475016
116614226
113918899
59152206
109861051
106475035
107982518
109864002
91664258
113500351
85034890
113634195
95161657
115827382
102893792
58178802
114873746
114861644
115899571
85049497
116747494
109910895
106306922
91467030
92095539
116155437
109009779
116835552
91662693
104833241
109176335
108542900
87941076
85049504
123587381
108593393
112173430
120569938
82959983
109135475
106474971
91248068
90723098
105357376
107605694
96399974
113042796
106502087
113124615
113500349
108598310
110285255
100183474
114194707
59205945
95161768
109915267
91664419
120759115
113919036
106475021
113500347
107982510
92095517
114206460
123587291
85091077
109067466
104351568
109926236
107153610
91664274
106475016
116614226
113918899
59152206
109861051
106475035
107982518
109864002
91664258
113500351
85034890
113634195
95161657
115827382
102893792
58178802
114873746
114861644
115899571
85049497
116747494
109910895
106306922
91467030
92095539
116155437
109009779
116835552
91662693
104833241
109176335
108542900
87941076
85049504
123587381
108593393
112173430
120569938
82959983
109135475
106474971
91248068
90723098
105357376
107605694
96399974
113042796
106502087
113124615
113500349
108598310
110285255
100183474
114194707
59205945
95161768
109915267
91664419
120759115
