113903748
113903736
113819942
113903750
114772662
113905479
113903738
113905485
113903735
115528295
115528271
114153166
113717288
115414560
114161749
115528266
115528272
115527993
114678353
115088686
113903741
117029073
115266320
115528262
113775248
117029079
117029081
115528259
95161657
116155437
104833241
96399974
95161768
108997873
113717286
109123696
113768057
58074442
85090489
114924800
113768106
113717274
113717282
95161745
95213102
109559969
117791407
88077974
95161798
116155438
116155439
94429844
109125655
88077134
112998660
95161846
102119041
102262834
95161551
115936004
95161571
95161652
95161803
116155457
95161546
112462790
115290427
95161740
63619054
114938904
95161845
114938834
95161798
116155438
116155439
94429844
109125655
88077134
112998660
95161846
102119041
102262834
95161551
115936004
95161571
95161652
95161803
116155457
95161546
112462790
115290427
95161740
63619054
114938904
95161845
114938834
113768043
102262804
95161750
116155458
114925798
113768066
115289971
95161787
95161507
117498981
114928927
95161586
116572510
117462799
95161492
95161728
113768058
95161576
117071694
95161730
95161667
103474508
95161581
95161494
115710937
114922447
113768111
117492435
97049031
120569907
112499936
117789569
103474492
117789487
116572443
116572512
116122007
95161855
116605358
85090371
117595324
117498654
95161760
117464765
95161496
95161621
104833276
115289886
115710937
114922447
113768111
117492435
97049031
120569907
112499936
117789569
103474492
117789487
116572443
116572512
116122007
95161855
116605358
85090371
117595324
117498654
95161760
117464765
95161496
95161621
104833276
115289886
117309711
102118851
120569885
118247402
114936539
113717292
102262727
102262808
115935996
120568048
102038629
109553650
117507421
113760748
115710745
102262769
114961571
95161860
103474552
103474489
116572442
102038607
95161561
102262777
113760762
117472316
120569908
114927879
120568007
115975969
115975864
53643469
125796239
117786488
117071389
116572466
102118779
113760728
102262775
117594682
125773167
112998655
113760752
117475405
125819081
120567998
116553502
102262725
113760762
117472316
120569908
114927879
120568007
115975969
115975864
53643469
125796239
117786488
117071389
116572466
102118779
113760728
102262775
117594682
125773167
112998655
113760752
117475405
125819081
120567998
116553502
102262725
117071729
116572446
120567988
118253860
116572474
114660409
113760719
113768082
102118937
116572445
125771401
117071283
113760720
120568046
117595016
116255549
120568021
113760734
113760744
103474494
108093576
120568023
112998658
102118924
116120637
116572502
117308928
116155492
114205371
102262757
125788031
109177345
119054599
112998649
117499061
113760716
102118803
115900813
113760723
107953881
102262753
102262741
102262832
116521705
125776310
112517700
113760757
114932667
116120637
116572502
117308928
116155492
114205371
102262757
125788031
109177345
119054599
112998649
117499061
113760716
102118803
115900813
113760723
107953881
102262753
102262741
102262832
116521705
125776310
112517700
113760757
114932667
114855303
113760755
120569921
95161808
116572488
108098303
85090391
102118922
125819036
118010537
108098163
115289964
125773267
112457293
117498489
116155443
115707724
95161782
102118939
114504540
118089735
109113171
118432840
117789409
95161594
113662029
116572490
115289722
115708248
98873080
78506078
117720274
116572460
115833827
96180076
117837088
96399909
113760741
125773326
116275327
102262779
113661779
107981749
117375398
112998653
97049025
119054596
102118867
95161594
113662029
116572490
115289722
115708248
98873080
78506078
117720274
116572460
115833827
96180076
117837088
96399909
113760741
125773326
116275327
102262779
113661779
107981749
117375398
112998653
97049025
119054596
102118867
125787578
102262810
95161522
103474506
108624416
118089663
120293114
116572500
102262816
113760732
95161868
112448477
95161723
117311599
113760724
116605413
116572506
126708852
118089695
125792745
117926129
109129669
117434680
116255466
95161672
118248135
112500155
116572476
125776803
125773980
117028502
125769369
108624405
103474482
103474500
116572434
121744027
102262787
116572340
95161539
116572508
115802362
117592865
118011843
102262720
117828352
117573802
118053807
95161672
118248135
112500155
116572476
125776803
125773980
117028502
125769369
108624405
103474482
103474500
116572434
121744027
102262787
116572340
95161539
116572508
115802362
117592865
118011843
102262720
117828352
117573802
118053807
102262735
95161662
125772121
107940831
125791110
124722713
112520236
103474532
96182694
118255349
121335509
95161697
112461249
117570878
108622252
116572462
112529234
103474472
116743039
125771982
108616320
119698945
115840356
125772720
118089554
102038658
118874662
117788272
107939201
115289917
102262840
117588264
118123108
95161793
96182319
109563135
102262838
112482635
115936000
109550461
125788510
116572468
126708090
112502966
58447029
126708498
102118895
125796954
118089554
102038658
118874662
117788272
107939201
115289917
102262840
117588264
118123108
95161793
96182319
109563135
102262838
112482635
115936000
109550461
125788510
116572468
126708090
112502966
58447029
126708498
102118895
125796954
112529902
114197795
102118882
102118862
112129030
109213743
102118801
108624544
102262799
109165597
112998629
117592869
115840361
117463393
116741522
78529440
103474540
115275796
115982306
114205588
112998599
125788368
112505500
115802359
90414266
117503019
115708649
123149870
107941725
108614990
112335103
121615324
102262737
119698552
102118798
118248041
78539621
85090355
109712779
115129314
103474538
117071766
115936016
120372143
123149868
116768104
102262781
117594471
90414266
117503019
115708649
123149870
107941725
108614990
112335103
121615324
102262737
119698552
102118798
118248041
78539621
85090355
109712779
115129314
103474538
117071766
115936016
120372143
123149868
116768104
102262781
117594471
58858392
112448577
117462460
102118787
118281858
102038609
125774146
103474558
117570865
121607886
96186172
109712733
121610269
117592870
102262828
110311345
126005865
119989566
115802353
95161606
112365835
115802373
115840354
112530806
116882139
122488135
117592873
117091965
121614192
109124699
118247511
119054608
122095212
102118879
115438380
112526830
116970641
120036913
95161611
117595186
116605401
119698272
124413706
122641416
59284989
115982267
102262755
114210488
116882139
122488135
117592873
117091965
121614192
109124699
118247511
119054608
122095212
102118879
115438380
112526830
116970641
120036913
95161611
117595186
116605401
119698272
124413706
122641416
59284989
115982267
102262755
114210488
120705720
125785195
125252821
96674959
112998627
109559118
95161683
125243960
115840348
117592866
103474554
120278487
122343817
115840342
117214045
121229365
116970665
102262729
125786945
115840343
116970653
125788163
116969443
125785452
116970651
122094814
117569407
112365952
123149879
121210148
118330198
102118891
118109324
118247411
95161556
103474542
124628464
108623561
59077130
95161497
112531113
125536206
117791395
121605509
114773225
126708769
104833281
125247622
116970651
122094814
117569407
112365952
123149879
121210148
118330198
102118891
118109324
118247411
95161556
103474542
124628464
108623561
59077130
95161497
112531113
125536206
117791395
121605509
114773225
126708769
104833281
125247622
121614015
117969526
118243637
107953248
125240755
120568008
124628365
121201225
109556389
107939580
82905562
59077125
116970667
123149882
118555459
102262763
124628415
117214040
76030760
112108255
116969483
115802369
122429218
125342867
114773333
125773317
112509545
103474474
116924126
115982309
115154970
114773219
125773673
125243969
112782540
116970647
126005679
117785974
126005743
96675194
102038627
116572435
122876062
120568034
58927652
95161529
124413669
116969485
114773333
125773317
112509545
103474474
116924126
115982309
115154970
114773219
125773673
125243969
112782540
116970647
126005679
117785974
126005743
96675194
102038627
116572435
122876062
120568034
58927652
95161529
124413669
116969485
95161512
112448034
122376853
117221057
118555473
117498883
115802365
119330882
123922275
114773209
123353198
118555425
117969707
115802361
125342724
112459337
114252253
122489009
125818938
118555449
107479554
59282740
78512184
116743049
102262710
95161708
59283154
125786264
59081753
112109209
124914582
123921600
125771519
126699421
119054627
117772992
126005925
100916744
122880365
118555452
108624523
96675021
78506083
120432326
121040104
124233983
120470434
116605397
102262710
95161708
59283154
125786264
59081753
112109209
124914582
123921600
125771519
126699421
119054627
117772992
126005925
100916744
122880365
118555452
108624523
96675021
78506083
120432326
121040104
124233983
120470434
116605397
78494699
114773285
119054566
103474544
95161767
116970643
114773318
118555475
115438387
95161678
78495463
114773337
115438385
117309840
116970649
125244458
59283150
124628486
114773269
115802357
121473107
122225392
118236705
118136168
116913018
125342865
88254737
115438379
127980271
118013193
114773229
118555436
95161643
118555439
126006361
112315087
126006298
122225402
53847778
82661925
95161642
118555471
117214071
124628518
118784525
118555447
118013269
58941311
116913018
125342865
88254737
115438379
127980271
118013193
114773229
118555436
95161643
118555439
126006361
112315087
126006298
122225402
53847778
82661925
95161642
118555471
117214071
124628518
118784525
118555447
118013269
58941311
96674967
116912830
124628411
108382732
122171505
123353207
122488573
118243243
121266738
59284983
67835604
117786010
118555443
121269017
118555430
76114940
116912888
96675056
114773237
121473171
118555445
118013103
117444592
58226331
122225487
102262830
125137300
119108335
117214059
114773223
123880062
122225287
125342618
96675146
126699471
118555426
116896348
95161534
88254735
124628311
116970645
114773277
122225269
117763024
91066334
125412116
102038631
58941241
122225487
102262830
125137300
119108335
117214059
114773223
123880062
122225287
125342618
96675146
126699471
118555426
116896348
95161534
88254735
124628311
116970645
114773277
122225269
117763024
91066334
125412116
102038631
58941241
121657060
59283232
114773313
116913159
109113754
88253805
116913086
124628011
78506460
96674912
121747360
116970657
116969490
114773221
125342858
126699437
118202209
118555465
125363669
108997982
53917360
58941251
112108557
96674988
123149884
116970655
95161616
112342515
126699370
118896665
121266638
117214091
124722707
118012984
58447037
76022898
118555463
117599991
58932790
120553800
122225273
122225378
121266670
116970639
126699423
53837134
117973904
122374304
123149884
116970655
95161616
112342515
126699370
118896665
121266638
117214091
124722707
118012984
58447037
76022898
118555463
117599991
58932790
120553800
122225273
122225378
121266670
116970639
126699423
53837134
117973904
122374304
116572504
122225202
61123810
114773244
125137339
125084230
122225440
126699382
122608132
58941233
118012768
122427428
76173878
96674957
122225229
112456555
121266702
58941216
76134419
76117520
58931461
117214077
53837602
95161591
126005335
58941275
122225190
125137352
124231447
128253623
122225348
76034429
117420461
126719563
96675025
102118783
113962135
120789731
125084121
58941299
121266743
125342879
126699459
122225148
122225350
58941210
102262765
90209485
126005335
58941275
122225190
125137352
124231447
128253623
122225348
76034429
117420461
126719563
96675025
102118783
113962135
120789731
125084121
58941299
121266743
125342879
126699459
122225148
122225350
58941210
102262765
90209485
122225396
90204903
112505706
126699477
126002747
125534086
122910878
112433331
125363671
113531040
122427375
117762077
58929758
124209091
118136140
125342671
123149874
121266699
121266714
53840478
118555457
110120230
121266885
115802355
53913601
117214072
125084189
82899459
100916732
76018305
125973392
126008190
123149876
126699451
112456692
64376492
122225295
121266893
129665903
109701964
125401162
122171513
122225468
122095219
122171566
125137372
122225313
121227279
53913601
117214072
125084189
82899459
100916732
76018305
125973392
126008190
123149876
126699451
112456692
64376492
122225295
121266893
129665903
109701964
125401162
122171513
122225468
122095219
122171566
125137372
122225313
121227279
122225194
124939750
114773241
90241389
96675038
121266881
118555469
53918414
129568116
122225498
122225398
128253596
128800273
116623114
118136188
125342626
117444693
105176533
124949536
129665887
117785923
124628508
54475239
102262789
125731307
125401178
116969493
115438397
90209587
118136165
64414552
102262822
117600000
125342873
118136172
117762249
126005695
102262773
117786509
116912810
125137370
88254727
117214079
121744327
125342835
78512182
117764775
114773263
125731307
125401178
116969493
115438397
90209587
118136165
64414552
102262822
117600000
125342873
118136172
117762249
126005695
102262773
117786509
116912810
125137370
88254727
117214079
121744327
125342835
78512182
117764775
114773263
117214087
122225408
122225434
76116451
121473187
121266689
120553792
122225139
54013041
53918513
122171790
117444702
122225150
121266661
114773295
78505882
121266723
122225438
76050563
82169146
112109686
82912661
126699455
118136132
108614931
126699403
96675010
126699391
118555433
122225315
59284998
121266748
123353220
122225424
113394423
58931466
117771063
96675012
114773305
122225502
126699439
117969537
117214051
129568134
122171472
76046311
64347830
116969489
108614931
126699403
96675010
126699391
118555433
122225315
59284998
121266748
123353220
122225424
113394423
58931466
117771063
96675012
114773305
122225502
126699439
117969537
117214051
129568134
122171472
76046311
64347830
116969489
58932789
117785917
73835704
116143920
82895114
125137329
117599997
96674971
53650766
78495901
117214052
125137280
129665594
122225180
117214093
118136134
121266757
125686194
131021889
117773228
76118437
122225234
126005485
125342736
117785842
115840372
53837019
126699485
126005874
88254739
117599990
117600005
117600008
116970807
117599986
117098286
116835417
117600004
115963319
115936028
117600011
115964678
117969525
117099563
123556893
117104255
116350856
122519203
117785842
115840372
53837019
126699485
126005874
88254739
117599990
117600005
117600008
116970807
117599986
117098286
116835417
117600004
115963319
115936028
117600011
115964678
117969525
117099563
123556893
117104255
116350856
122519203
105176550
117293272
118120030
110354093
119478073
115802370
117105592
118136192
116969486
113531039
122788873
123576265
116588172
114773217
110120208
118012879
117105852
105176579
106787026
116835437
121257504
117293282
118091556
120553783
118120010
116572486
117107688
116350916
118136184
117786440
107270780
115196311
117293236
118120035
118136176
118136146
120491362
117708149
118120090
117708085
116255436
115196363
114773211
118120075
119011580
108299072
119478075
117308936
118120010
116572486
117107688
116350916
118136184
117786440
107270780
115196311
117293236
118120035
118136176
118136146
120491362
117708149
118120090
117708085
116255436
115196363
114773211
118120075
119011580
108299072
119478075
117308936
118136148
97049071
113531043
116350861
117117683
116768094
123576294
118136182
121185536
118120165
120293097
123556852
117708129
118120130
105804091
113449266
116622346
118120111
115154997
118120067
122225185
122225514
117293262
117293240
81992046
117105442
125342697
117708086
118136204
116350889
118136152
121266674
116970663
118100443
114773335
118136160
118120101
115689326
117293252
117786182
119478053
119478071
122738143
117293279
110120183
117293294
117293292
124019522
81992046
117105442
125342697
117708086
118136204
116350889
118136152
121266674
116970663
118100443
114773335
118136160
118120101
115689326
117293252
117786182
119478053
119478071
122738143
117293279
110120183
117293294
117293292
124019522
105804038
111156666
117786052
118136202
117219771
102038635
124019488
118136186
116621820
115689256
118891245
118119534
118136139
131022150
121493366
125876681
117785884
125594928
117293270
114773235
118136196
117293238
114773291
122939051
122225297
122225233
120484916
125595014
125000750
117293266
115689303
117293246
119478027
117293230
118137948
123576298
119478035
117780988
118136178
118136154
122225486
116835501
118136155
116125609
115438381
117293278
118120095
118137950
122225297
122225233
120484916
125595014
125000750
117293266
115689303
117293246
119478027
117293230
118137948
123576298
119478035
117780988
118136178
118136154
122225486
116835501
118136155
116125609
115438381
117293278
118120095
118137950
125876692
116621121
125137282
117293284
118120050
115689328
118120173
118120140
119477989
122225503
122225529
122225215
114773256
131021875
118136198
116350936
131021880
118120141
118120086
115689310
123556008
116768148
118120106
115689302
117293222
115689306
118120150
118120135
123576304
125169028
122225317
118100484
106521227
116125593
117293232
123555385
119478013
117293256
118120125
118100438
118136194
118133812
118136174
117293241
123576330
122171516
127496137
115689309
117293222
115689306
118120150
118120135
123576304
125169028
122225317
118100484
106521227
116125593
117293232
123555385
119478013
117293256
118120125
118100438
118136194
118133812
118136174
117293241
123576330
122171516
127496137
115689309
122225239
122225319
118120081
118897364
124019731
117293286
130471794
112528379
118136135
118136150
122225178
122225227
124019880
96674933
126699441
118119998
122225208
118136190
130471774
117048508
121266891
123555374
122225170
92807789
122225231
122171569
123576324
122225166
118136144
122225363
121106748
53837559
118136138
59286633
126235998
121493171
121233943
117420521
118136180
122427488
119478059
124019624
58941324
115196222
122225223
122225516
124019458
117786020
122225231
122171569
123576324
122225166
118136144
122225363
121106748
53837559
118136138
59286633
126235998
121493171
121233943
117420521
118136180
122427488
119478059
124019624
58941324
115196222
122225223
122225516
124019458
117786020
120777710
117293250
126236000
122225323
115689307
122225450
123555498
122225430
121493344
117293274
118220538
117293244
54006951
117293248
117761842
59282634
118120155
122225355
124628361
116125256
121250015
115840376
126415742
122225410
121234182
58863949
126699469
122225480
122225305
122225460
118137940
120824901
122265129
117090625
117293268
126699463
127496122
125137302
122225484
122225374
125342860
130471761
120553788
121235216
117219769
121252463
118120051
116125594
121234182
58863949
126699469
122225480
122225305
122225460
118137940
120824901
122265129
117090625
117293268
126699463
127496122
125137302
122225484
122225374
125342860
130471761
120553788
121235216
117219769
121252463
118120051
116125594
126505147
122225225
117293296
119478057
122225303
123576287
120483655
122225524
118120060
129168043
64626359
116125599
127980447
122225301
124863233
116125605
126244834
117214055
117786065
123576302
53973761
116125591
122225275
123140705
130471784
117293264
123576274
131022146
126699374
90204952
130471763
116125603
121251953
123556849
126245973
118472838
65099013
119814250
112499321
122227060
119478019
116125601
125137306
122227065
59081616
118119992
122225426
125137331
130471784
117293264
123576274
131022146
126699374
90204952
130471763
116125603
121251953
123556849
126245973
118472838
65099013
119814250
112499321
122227060
119478019
116125601
125137306
122227065
59081616
118119992
122225426
125137331
122225204
125137338
119521997
124628419
53650785
122225134
130471790
82091122
118120044
116125607
123576314
116768085
58229876
122171580
67847838
58228439
90241332
125137368
120553772
88253810
123555406
125137350
122225289
96675064
119478055
58941277
117444711
122225444
120777576
124019866
122225311
63588771
126699467
125137739
126699447
96674984
130471786
121747361
120491584
126764624
58074432
126699435
118120015
129874768
126699473
115689322
116768106
131022131
119478055
58941277
117444711
122225444
120777576
124019866
122225311
63588771
126699467
125137739
126699447
96674984
130471786
121747361
120491584
126764624
58074432
126699435
118120015
129874768
126699473
115689322
116768106
131022131
126699457
118120116
88257250
124175984
58074420
117293290
58941214
122225384
122330343
117708143
115689313
130471760
125339854
125595018
117214061
126071348
123576303
129701194
117293260
53972874
119478081
119527791
122225454
123555391
131022148
116125595
130471778
127126061
130471766
129736266
130041304
118481276
58931458
115196475
122225382
121161496
117212625
53918469
96674938
57781602
53913570
129167266
130471769
124019648
128800268
118136158
131021879
122171511
